[gd_scene load_steps=9 format=3 uid="uid://covqqwxoe2wdx"]

[ext_resource type="Script" path="res://Player.gd" id="1"]
[ext_resource type="Script" path="res://Camera.gd" id="2"]
[ext_resource type="ArrayMesh" uid="uid://c45awlvh220wx" path="res://world_mesh.obj" id="3"]
[ext_resource type="Script" path="res://Ground.gd" id="5"]
[ext_resource type="Shader" path="res://ground.gdshader" id="5_8vv78"]

[sub_resource type="CylinderMesh" id="1"]
bottom_radius = 0.25
height = 1.0
radial_segments = 12
rings = 1

[sub_resource type="SphereMesh" id="2"]
radial_segments = 12
rings = 12

[sub_resource type="ShaderMaterial" id="ShaderMaterial_00xug"]
render_priority = 0
shader = ExtResource("5_8vv78")
shader_parameter/player_pos = Vector3(0, 0, 0)
shader_parameter/active = true
shader_parameter/remap_normals = true
shader_parameter/RADIUS = 10.0
shader_parameter/hang = false
shader_parameter/albedo = Color(0.372549, 0.321569, 0.294118, 1)
shader_parameter/point_size = null
shader_parameter/roughness = 0.0
shader_parameter/metallic_texture_channel = null
shader_parameter/specular = null
shader_parameter/metallic = null
shader_parameter/uv1_scale = null
shader_parameter/uv1_offset = null
shader_parameter/uv2_scale = null
shader_parameter/uv2_offset = null

[node name="Node3D" type="Node3D"]

[node name="DirectionalLight3D" type="DirectionalLight3D" parent="."]
transform = Transform3D(0.965926, 0.224144, -0.12941, 0, 0.5, 0.866025, 0.258819, -0.836516, 0.482963, 0, 4.92319, 0)
light_energy = 0.3
light_indirect_energy = 0.0
shadow_enabled = true

[node name="DirectionalLight2" type="DirectionalLight3D" parent="."]
transform = Transform3D(0.975806, -9.55694e-09, 0.218637, -0.218637, -4.26539e-08, 0.975806, 0, -1, -4.37114e-08, 0, 5, 0)
light_energy = 2.0
shadow_enabled = true

[node name="Player" type="CharacterBody3D" parent="."]
transform = Transform3D(1, 0, 0, 0, 1, 0, 0, 0, 1, 0, 0.5, 0)
script = ExtResource("1")

[node name="Camera3D" type="Camera3D" parent="Player"]
transform = Transform3D(1, 0, 0, 0, 0.5, 0.866026, 0, -0.866026, 0.5, 0, 6, 3)
script = ExtResource("2")

[node name="Cylinder" type="MeshInstance3D" parent="Player"]
mesh = SubResource("1")

[node name="Sphere" type="MeshInstance3D" parent="Player"]
transform = Transform3D(1, 0, 0, 0, 1, 0, 0, 0, 1, 0, 0.6, 0)
mesh = SubResource("2")

[node name="OmniLight3D" type="OmniLight3D" parent="Player"]
transform = Transform3D(1, 0, 0, 0, 1, 0, 0, 0, 1, 0, 5.54602, 0.205388)
light_indirect_energy = 0.0
shadow_enabled = true
shadow_bias = 0.3
omni_range = 15.0

[node name="OmniLight2" type="OmniLight3D" parent="Player"]
transform = Transform3D(1, 0, 0, 0, 1, 0, 0, 0, 1, 0, 11.1839, 4.05476)
light_energy = 2.0
shadow_enabled = true
omni_range = 16.6
omni_attenuation = 1.27456
omni_shadow_mode = 0

[node name="Ground" type="MeshInstance3D" parent="."]
cast_shadow = 2
mesh = ExtResource("3")
surface_material_override/0 = SubResource("ShaderMaterial_00xug")
script = ExtResource("5")
surface_material_override/0 = SubResource("ShaderMaterial_00xug")
